# $Id: qb1.abg,v 2.0 2001/09/14 19:05:06 garyb Exp $
# Output from fit to qb1.ast
# ---------------------------------------
# ./fit_radec
#---Fri Sep 14 12:52:07 2001
# Fitting 37 observations
#  Preliminary a, adot, b, bdot, g, gdot:
#  -0.000544 0.026241 -0.000005 0.000962 0.024417 0.000000
# Chi-squared of fit: 0.00 DOF: 68
# Exact a, adot, b, bdot, g, gdot:
 0.00001606  0.02480170  0.00000061  0.00093870  0.02442285 -0.00040720
# a=43.929280 AU,e=0.069318,i=2.188067 deg
# Barycentric distance 40.903+-0.001
# Covariance matrix: 
 5.2054e-13 -1.3825e-12  3.7808e-15 -2.8588e-14 -4.0869e-13 -3.0876e-11 
-1.3825e-12  6.5772e-12 -2.4670e-14  1.6829e-13  1.6683e-12  1.7334e-10 
 3.7808e-15 -2.4670e-14  2.2382e-13 -3.3424e-13 -6.3555e-15 -7.2294e-13 
-2.8588e-14  1.6829e-13 -3.3424e-13  6.7185e-13  4.6201e-14  4.9344e-12 
-4.0869e-13  1.6683e-12 -6.3555e-15  4.6201e-14  5.8549e-13  4.9043e-11 
-3.0876e-11  1.7334e-10 -7.2294e-13  4.9344e-12  4.9043e-11  5.0839e-09 
#     lat0       lon0       xBary     yBary      zBary   JD0
   0.3568001    7.4343905 -0.9835945 -0.0005392  0.0544165  2451179.500000
